nn,DENSE,2023,0.7221,0.73053,0.72089,0.73445,0.73137,0.73098,0.73694,0.73203,0.75338
nn,DENSE,2022,0.71171,0.70635,0.70583,0.7126,0.73672,0.72704,0.72261,0.73127
nn,DENSE,2021,0.72707,0.72775,0.71895,0.73068,0.71768,0.72348,0.71789
nn,DENSE,2020,0.84386,0.84335,0.8384,0.8364,0.84138,0.83955
nn,DENSE,2019,0.77433,0.78782,0.79101,0.78468,0.79145
nn,DENSE,2018,0.82358,0.82562,0.83415,0.82689
nn,DENSE,2017,0.50884,0.5221,0.48112
nn,DENSE,2016,0.69082,0.75672
nn,DENSE,2015,0.66562
linearsvm,DENSE,2023,0.71413,0.70886,0.70451,0.70668,0.70435,0.71768,0.7118,0.74072,0.75459
linearsvm,DENSE,2022,0.69553,0.69424,0.69844,0.69788,0.72169,0.73469,0.73407,0.75196
linearsvm,DENSE,2021,0.65434,0.66139,0.6626,0.66155,0.66624,0.67767,0.68645
linearsvm,DENSE,2020,0.7531,0.76615,0.76713,0.78734,0.78365,0.803
linearsvm,DENSE,2019,0.7079,0.72464,0.75466,0.74277,0.74356
linearsvm,DENSE,2018,0.79339,0.79781,0.8005,0.80892
linearsvm,DENSE,2017,0.5115,0.51534,0.5205
linearsvm,DENSE,2016,0.7159,0.69166
linearsvm,DENSE,2015,0.68243
nn,APIGRAPH,2023,0.73012,0.73689,0.70512,0.73394,0.72225,0.73276,0.73789,0.74227,0.75193
nn,APIGRAPH,2022,0.71104,0.71519,0.7186,0.70028,0.72183,0.71634,0.73548,0.7218
nn,APIGRAPH,2021,0.73293,0.73333,0.71145,0.71565,0.72663,0.69326,0.72789
nn,APIGRAPH,2020,0.83587,0.83882,0.83837,0.84027,0.83579,0.8468
nn,APIGRAPH,2019,0.78191,0.79226,0.78047,0.8036,0.80367
nn,APIGRAPH,2018,0.82558,0.82702,0.82785,0.82945
nn,APIGRAPH,2017,0.50246,0.52441,0.50604
nn,APIGRAPH,2016,0.69756,0.762
nn,APIGRAPH,2015,0.64764
rf,malscan,2023,0.70969,0.70684,0.70533,0.70684,0.70847,0.70968,0.70511,0.70649,0.72181
rf,malscan,2022,0.65603,0.65577,0.65569,0.6551,0.65578,0.65596,0.65538,0.65393
rf,malscan,2021,0.84545,0.84623,0.842,0.84558,0.84869,0.85029,0.8309
rf,malscan,2020,0.8573,0.85852,0.85626,0.86901,0.87358,0.86825
rf,malscan,2019,0.8154,0.80765,0.80835,0.81495,0.81006
rf,malscan,2018,0.81225,0.81198,0.8243,0.8188
rf,malscan,2017,0.48813,0.48878,0.48772
rf,malscan,2016,0.65769,0.52853
rf,malscan,2015,0.60081
nn,malscanscb,2023,0.72598,0.73648,0.73038,0.74437,0.72844,0.73415,0.72,0.74223,0.75645
nn,malscanscb,2022,0.66724,0.65806,0.67032,0.66781,0.67238,0.68925,0.74972,0.75814
nn,malscanscb,2021,0.72899,0.71988,0.72135,0.7135,0.72098,0.71891,0.7004
nn,malscanscb,2020,0.85215,0.86224,0.85496,0.87093,0.84913,0.85238
nn,malscanscb,2019,0.82465,0.82228,0.80852,0.80975,0.79284
nn,malscanscb,2018,0.81771,0.82133,0.84439,0.84394
nn,malscanscb,2017,0.51163,0.50461,0.50532
nn,malscanscb,2016,0.64675,0.63828
nn,malscanscb,2015,0.66997
